-0.95 21.0562
0.05 21.0562

1.55 21.0562
2.55 21.0562

4.05 21.0562
5.05 21.0562

6.55 21.0562
7.55 21.0562

9.05 21.0562
10.05 21.0562

-0.95 18.5562
0.05 18.5562

1.55 18.5562
2.55 18.5562

4.05 18.5562
5.05 18.5562

6.55 18.5562
7.55 18.5562

9.05 18.5562
10.05 18.5562

-0.95 16.0562
0.05 16.0562

1.55 16.0562
2.55 16.0562

4.05 16.0562
5.05 16.0562

6.55 16.0562
7.55 16.0562

9.05 16.0562
10.05 16.0562

-0.95 13.5562
0.05 13.5562

1.55 13.5562
2.55 13.5562

4.05 13.5562
5.05 13.5562

6.55 13.5562
7.55 13.5562

9.05 13.5562
10.05 13.5562

0 20
30 20

